   2.0000000e+00  -2.5630969e-01   1.8133759e-01  -1.0740823e-01   6.9521900e-02  -1.6130465e+00   6.0430151e-02   1.6267917e+00   4.8734705e-01   1.7775969e-01  -7.9876129e-01
   2.0000000e+00  -3.1043913e-01  -2.3127027e-01  -1.2326168e+00   1.5275032e-01  -5.8326864e-01   7.6962864e-01   6.2062610e-01  -2.0755226e-01  -2.6398297e-01   6.0668703e-01
   2.0000000e+00  -1.1158591e+00  -4.8303383e-01   2.3880903e-01  -8.0697977e-01   3.5995843e-01   3.7038086e-01   1.2967416e+00  -1.5385865e+00   2.2812180e+00   9.9935493e-01
   2.0000000e+00  -2.6256049e-01  -2.6705069e-01   1.4268653e+00   2.4530781e-01   3.1549364e-01   4.6669162e-01  -4.7171596e-01  -7.4276089e-01   3.2471405e-02   1.8768184e+00
   2.0000000e+00  -1.8674404e+00   9.3847784e-01  -5.1624572e-01   8.2684466e-01   1.0157691e+00   1.1936373e+00   1.1180710e+00  -1.1889372e+00  -3.6151259e-01   1.3621432e+00
   2.0000000e+00  -5.1534464e-01  -5.2257284e-01   2.1118543e+00   2.3948886e-01  -1.0132784e+00   2.1500263e+00   1.6429312e+00   4.9905404e-01   4.0736807e-01   7.7800909e-01
   2.0000000e+00   4.5915739e-01   7.4992627e-01  -1.9913071e+00  -1.9710529e+00  -1.2855234e-01   1.5489853e+00  -5.1058955e-01   5.3165286e-01  -7.0873862e-01   1.3135772e+00
   2.0000000e+00   9.0005613e-01   1.3250934e+00   8.9274715e-01  -2.2643745e-01  -1.4477319e+00  -7.7858968e-01  -7.4813518e-01   7.4284954e-01   3.8816377e-01  -1.1217954e+00
   1.0000000e+00  -4.1837017e-01   9.0558719e-02   1.3147689e-01  -4.4403406e-01  -2.6811901e-01   1.0881321e+00   1.1398965e+00   7.4247780e-02  -9.7981035e-01  -5.5251205e-01
   2.0000000e+00   1.3039344e+00   1.9174430e-01  -1.2883494e+00   7.2153177e-01  -1.6938092e+00   1.4405511e+00  -5.7005832e-01   2.6522271e-01   8.4070705e-02   2.1716394e-01
   2.0000000e+00  -5.4088670e-01  -6.8748578e-01  -9.2919674e-01  -6.8380329e-01   1.4109380e+00   2.2811333e-02   3.4471479e-01   1.1683418e+00   1.2814143e+00  -1.0945796e+00
   2.0000000e+00   6.6143601e-01   3.3656428e-01   6.8485234e-02   2.2914247e-01  -3.9479335e-01  -4.0723391e-01  -5.5910770e-01  -9.6593923e-01   1.0319318e+00   9.0247412e-01
   2.0000000e+00   3.7224917e-02  -1.0681573e+00  -9.4924486e-01  -5.0171654e-01  -2.7882950e-01  -7.6920340e-01   2.2099769e-01   1.0737452e+00  -5.9553750e-01  -6.1838267e-01
   1.0000000e+00  -3.2009844e-01   1.0624290e+00   5.4073616e-01  -1.4211042e+00   7.7411213e-01  -1.1803318e+00   5.1738827e-01  -3.7424646e-01  -3.5210591e-01   8.8741583e-01
   2.0000000e+00   6.3076027e-01  -1.0166320e+00  -6.6858821e-01   1.4268319e-01  -6.2994491e-01   1.5854471e+00   6.0700827e-01   5.8612806e-01   3.0357186e-01  -2.9702238e-01
   2.0000000e+00   1.0717914e-01  -8.0960134e-01  -1.4777378e-01   8.7975863e-01  -1.9534220e-01  -1.8532001e+00  -1.8241606e+00  -8.4775408e-01   2.2365041e-01   9.5677470e-01
   2.0000000e+00   8.8170312e-01   7.1908822e-01  -3.7917126e-02   5.0823810e-01  -2.8284505e-01   5.7786805e-01  -1.3324060e+00  -1.2874686e+00  -8.2161512e-01  -3.3126311e-01
   2.0000000e+00   1.6867839e+00  -5.5384468e-02  -5.4599015e-01  -2.8940923e-01   1.2313181e-01   1.7003073e-01  -1.2578625e+00   4.2329386e-01  -2.8229524e-01   2.0384281e-01
   2.0000000e+00  -1.9402628e+00  -1.9400487e-01   1.8819691e+00  -5.8065334e-01  -1.8167639e-01   1.6078046e+00   6.6248203e-01  -4.0288489e-01  -3.2030314e-01   3.0208570e-01
   2.0000000e+00   1.6251136e+00   2.8523619e-01  -2.9784035e+00  -2.1895494e+00   2.0618273e+00   1.6025748e+00   7.3147211e-01  -4.1600200e-01  -4.3264306e-01   8.6275293e-01
   2.0000000e+00  -3.9301285e-02   1.1375820e-01  -7.9107786e-01   4.5571019e-01  -1.8603811e-01   7.3415591e-01  -4.7406165e-01   1.3543568e-01  -1.6624046e-01   1.0378743e+00
   2.0000000e+00   1.1981923e-01  -1.1951046e+00   6.8983599e-01  -5.1263684e-01   2.2967574e-01   3.5053736e-01   5.8095302e-01   9.0482114e-01  -2.7523201e-02  -2.5199511e-01
   2.0000000e+00  -7.9631635e-01   1.5822242e+00  -2.2184805e-01  -1.4194939e+00   6.1500143e-01  -4.5345317e-01   1.3239064e+00  -1.8084226e+00  -6.8958969e-01   2.3619941e-01
   2.0000000e+00  -5.2055559e-01  -1.4793069e+00   1.3155426e+00   4.7644548e-02  -2.2906136e-01  -2.4218977e+00  -1.9491490e-01  -2.3805096e-01  -1.0301779e+00   4.0179576e-01
   2.0000000e+00   6.0043335e-01   6.2205325e-01  -1.1128728e+00   1.2240744e-01   1.3636771e+00   3.3811213e-01  -5.5576300e-02  -2.1093054e+00  -1.2134283e-01   2.5506687e-01
   2.0000000e+00  -5.9716145e-01   6.2669647e-01   8.3278941e-01   1.7843387e+00  -5.1210422e-01  -2.4600407e-02  -1.3966252e-01   2.2108072e+00   1.3068423e+00   2.1576232e-01
   2.0000000e+00  -2.7952302e-01  -1.0776305e-01   2.3077073e+00  -1.4897871e+00  -2.2314162e+00  -9.0237050e-01  -1.2568475e+00  -6.6433065e-01  -5.4884360e-01  -1.4150916e-01
   1.0000000e+00   1.0049117e-01  -3.2081190e-01   4.4291464e-01   6.2582104e-01   1.1462207e-01  -7.8172972e-01   4.6178740e-01  -2.7105305e-02  -4.3246158e-01  -6.2424502e-01
   2.0000000e+00  -2.3266316e+00  -6.3593601e-01   9.3161459e-01   2.3301018e-01  -3.5806310e-01   3.6449210e-01  -2.0816047e+00   1.3849511e+00  -8.9214291e-01   2.5087202e-01
   2.0000000e+00   1.0613994e+00  -2.7876097e+00   5.2237877e-01   5.9256708e-01  -9.8028766e-02  -3.6558414e-01   1.4199308e+00  -9.8256092e-01  -3.1948827e-01  -3.9836932e-01
   2.0000000e+00   5.9000891e-01   1.5369589e+00   3.1088428e-01   7.4563749e-01   1.8516429e+00   3.1505921e-01   1.5296565e+00   1.3866300e+00   4.6133519e-01   3.4604750e-01
   2.0000000e+00  -1.1150103e+00   4.7839530e-01   1.4392858e+00   1.4583375e+00   7.7364046e-01  -3.5501640e-01   7.0833923e-01   1.2706688e-01  -1.7180733e-01   1.9388956e+00
   2.0000000e+00  -2.7018174e+00   8.4584632e-01   9.8807208e-01  -1.8741431e+00   8.0153374e-02  -1.4524927e+00   7.3790593e-01   7.6706789e-02   5.1473445e-01   6.1060176e-01
   2.0000000e+00   6.4838601e-01  -8.8791093e-01   1.3485955e+00  -1.2562585e+00   1.4205533e+00   1.0192069e+00   2.9567850e-01   4.9991495e-01   1.4141831e+00   1.2939120e+00
   1.0000000e+00  -1.0456502e+00   1.9934988e+00   1.8189215e-01  -5.4381579e-01  -3.9148160e-01  -5.8230623e-01   2.3365346e+00  -7.3251655e-01   3.9035761e-01   1.6605442e+00
   2.0000000e+00  -3.5664741e-01   1.2792201e+00  -7.4310308e-02  -1.4270859e+00   2.4529099e-01  -3.8690286e-01  -2.5138122e-01   1.5901843e+00   9.8672526e-01  -5.1374756e-01
   2.0000000e+00  -4.1843953e-01   1.2558258e+00  -2.5096745e-01  -1.8682705e+00  -8.8069523e-02  -1.2800722e+00  -1.1544553e+00  -7.3579447e-01   1.4908378e+00   5.5710166e-01
   2.0000000e+00  -1.9896069e+00  -3.0709612e-02  -4.1406061e-01   3.4859771e-01   2.2300979e+00   3.2793510e-02   1.5539480e+00  -4.7386670e-01  -2.3675082e-01   8.7985367e-02
   2.0000000e+00  -1.6967872e-01  -1.5593307e-01   1.5504880e+00   1.3789506e+00   5.8350556e-01  -1.5427704e+00  -6.5153828e-01   1.5315140e+00  -9.9122602e-01   1.3537845e+00
   2.0000000e+00  -3.0748816e-01   7.7804176e-01  -2.5023046e-01   3.1234455e-01   1.5449164e-01  -3.6877840e-01   8.6623367e-01  -1.4723356e+00   1.4322492e+00   1.3679242e+00
   2.0000000e+00   6.0541624e-01  -3.9423999e-01  -3.6115337e-01  -2.1202665e+00  -1.3702137e+00  -1.1082652e+00  -1.3838572e+00  -3.3110450e-01   1.0737254e+00  -4.9775664e-02
   2.0000000e+00  -3.9611908e-01  -7.7703090e-02   6.0007702e-01  -8.9170292e-01  -2.7544048e-01  -3.3072999e-01  -1.1318261e+00   8.0137908e-01   8.8760285e-01   7.3640651e-03
   2.0000000e+00  -4.3986624e-01  -7.6046699e-01  -9.6610723e-01  -3.1398072e-02  -1.1796638e+00   9.5130978e-01   9.5535896e-01  -2.0761772e+00   1.3622570e+00  -1.2186167e+00
   2.0000000e+00  -3.6299265e-01  -8.9622533e-01  -5.2310480e-01  -1.5675898e+00   9.2473742e-01  -1.6546418e-01  -1.4473437e-01  -7.6190835e-01  -1.3988789e+00  -9.9198593e-01
   2.0000000e+00  -8.2125979e-01  -7.5076433e-01  -5.0255298e-01   1.4572805e+00  -3.7467130e-01  -6.0897502e-01   8.4799244e-01  -1.6059248e-02  -1.2607666e+00  -6.0846724e-01
   1.0000000e+00   2.2418670e-01   2.5213330e-01   7.3531745e-01   3.8900069e-01  -1.7479661e+00  -4.3336512e-01   1.0614980e-01  -1.4212153e-01   5.7448367e-01  -5.7354303e-01
   2.0000000e+00  -1.4015968e-01   9.5949848e-01  -2.4654141e-01   2.0976766e-01  -9.9541569e-01  -4.8351945e-02   1.1191270e+00  -8.7089436e-01  -1.2410285e+00   4.5943027e-01
   2.0000000e+00  -7.1908487e-01   5.7030772e-01  -1.7503828e-01  -2.4340002e-01   4.4931939e-01  -2.2582115e-01   1.9000741e+00   1.7933480e+00   1.5993043e+00  -3.1266121e-01
   2.0000000e+00   2.1197706e+00   5.0205892e-01  -2.4218520e+00   7.6289899e-01  -6.4156430e-01  -4.6501309e-01  -1.0353430e+00  -2.4061233e-01   9.4389855e-01  -7.1209268e-01
   2.0000000e+00   1.9557056e-01  -1.2337147e+00   1.2920315e+00   3.7549556e-01   3.2280464e-01  -2.0050018e-01   7.8048709e-01   1.4212429e-01   1.3465440e+00  -2.6267750e-01
   2.0000000e+00  -4.3649468e-01   6.5175837e-01   1.1969339e+00  -6.0376161e-01   1.8127834e+00   1.4508595e-01  -5.2364231e-01   4.0068292e-01  -1.4391552e+00   1.9996489e-01
   2.0000000e+00   2.4866605e-01   2.5157546e-01  -6.7058289e-01  -2.6642454e-01   8.8255501e-01   8.6131300e-01   3.6655293e-01   8.2995356e-01  -2.9958149e-01   1.6759257e-02
   2.0000000e+00   1.4122816e+00   1.4885821e+00   1.8380999e-01   2.0947247e+00   1.8486226e+00   1.8053829e+00  -2.9151191e-01   9.0056579e-01   1.0780159e+00   5.6814851e-01
   2.0000000e+00  -1.2552846e+00  -4.4910053e-01   1.1142379e+00  -9.5436257e-01  -5.3995568e-01  -4.4915105e-02   4.4710697e-01   2.4218785e-01  -2.0016513e-01  -1.9649632e-02
   2.0000000e+00  -1.9564575e+00   2.2817664e+00   1.5380163e-01   6.5331023e-01   3.7758143e-01  -1.2230769e+00   3.6858101e-01   1.0842753e+00  -9.4061979e-02   6.3538075e-02
   2.0000000e+00   6.7514435e-01   1.9040519e+00   1.3460608e+00   1.8343577e+00  -8.7781025e-01   7.2037098e-01   3.3168310e-01   4.6149794e-01  -1.2225390e+00   1.2864779e+00
   2.0000000e+00  -6.8304965e-01   2.9618666e-01  -1.5759416e+00  -3.9270672e-01  -1.3628423e-01   1.0083085e-02  -1.2766598e+00  -4.6679202e-01  -7.7198866e-01  -9.4496539e-01
   2.0000000e+00   9.8312232e-01  -3.9048787e-01  -5.0897907e-01   7.1638511e-01   1.4319405e-01   9.1192952e-01  -1.4600447e+00  -3.3449615e-01   7.2409794e-01   1.0066875e+00
   2.0000000e+00  -1.6629206e+00   1.0756255e+00   6.8164186e-01   2.5022882e+00  -2.9360904e-01  -8.9787382e-01   1.0762711e+00  -7.8150945e-01   4.7958177e-01   2.5789678e+00
   2.0000000e+00  -6.5881501e-01   3.7187224e-01   1.0688189e+00  -1.1601356e+00   1.2425678e+00  -1.9227709e+00   2.8529431e-01   1.9742213e+00  -3.3363654e-01  -6.2255354e-01
   2.0000000e+00   6.9095903e-01  -1.3139109e+00   1.8592387e+00  -7.2254117e-01   1.5258659e+00   3.1166493e-01  -3.9741605e-01  -2.2705208e-02   3.3265685e-01   2.7058633e+00
   2.0000000e+00  -7.2338390e-01   2.2729707e-02   9.8208840e-01   1.5298639e+00   3.2156192e-01   8.0116891e-01   1.9447966e+00  -2.1847786e-01   4.0664896e-01   9.2793089e-01
   1.0000000e+00  -6.4013921e-01   1.3253097e+00   5.4881321e-02   1.4159627e+00  -3.8085387e-01   1.1139296e+00   6.2626524e-01  -4.0516802e-01  -8.7327508e-02  -1.5000932e+00
   1.0000000e+00  -4.4590174e-01  -6.3355372e-01   2.3158163e-01  -2.2100164e-01  -1.2974050e-01   1.6656831e+00   1.6373478e+00   3.2688484e-01  -2.0995386e-01  -2.5875011e+00
   2.0000000e+00   9.5198872e-01   1.3347089e+00   1.0757130e+00  -2.7545702e-01  -9.0437777e-01  -2.1085551e-01   2.4482798e-01   3.5002803e-01  -1.4183964e+00  -4.2134415e-01
   2.0000000e+00  -5.8146702e-01   5.4940771e-01   7.4975395e-01  -1.5660081e+00  -3.0059792e-01  -5.5291033e-01  -5.1402573e-02   2.0184937e+00  -1.9423875e+00  -1.6447506e+00
   2.0000000e+00  -7.7595895e-01   2.0207147e+00   4.7446908e-02   8.0579047e-01  -3.3028358e-01   2.3669535e+00   4.2123833e-02  -5.0680210e-01  -8.1629388e-02   1.0055378e+00
   1.0000000e+00  -3.6317766e-01  -5.2060856e-01   4.1458017e-01   1.6890853e+00   1.2606707e+00   8.7654665e-01  -1.1263609e+00  -3.6861688e-01   7.1297025e-01  -9.1583361e-01
   2.0000000e+00   2.5224279e-03   8.9891741e-01  -2.7200194e-01   2.5740351e-01  -4.4958270e-01  -4.8312388e-01   7.0852354e-01   7.4745640e-01  -1.4791944e+00   1.4439509e+00
   2.0000000e+00  -2.5913249e-01   1.2037904e-01  -1.8566905e+00  -8.1567857e-01  -3.2314790e-01  -1.1734642e+00   4.3997035e-02  -8.2394670e-01  -1.6549817e+00   1.5064377e+00
   2.0000000e+00   7.4392280e-01  -2.2209664e+00   1.3951868e+00  -1.4622739e-01   1.4758835e+00  -2.3773382e-01   8.6647870e-02   3.5888694e-01  -6.4917736e-01  -7.5084361e-01
   2.0000000e+00  -3.8018932e-01   1.6985751e-01  -1.5108681e+00  -7.2689106e-01  -1.3944014e+00  -1.7086375e-01   1.9440217e+00  -4.8290999e-01  -8.7879280e-01  -2.1015523e-01
   2.0000000e+00   2.1962992e-02   4.4809960e-01  -1.4671641e+00  -2.0040259e-02  -3.4543304e-01  -9.3404084e-01   1.4663362e+00   6.2001524e-01   1.3666359e+00  -2.3103563e+00
   2.0000000e+00  -4.5055074e-01   5.3570322e-01   1.0815110e+00   6.4696221e-02   2.6554806e-01   9.9431968e-01   5.2952956e-01   2.7080063e+00  -8.9383225e-01   5.9864872e-01
   2.0000000e+00   9.5700500e-01   3.3045785e-01   1.2202084e+00   5.7251278e-01  -5.8993195e-01   1.2251506e+00   1.9328045e-01  -4.4483499e-01   1.5272329e+00   3.0171686e-01
   1.0000000e+00   9.6497997e-01  -1.1517568e-02   7.3992883e-02  -1.6982394e+00   1.1496607e+00   1.4400164e+00   1.6792335e+00   2.2902718e-01   1.9141501e+00  -4.5422431e-01
   2.0000000e+00   1.2419777e+00   7.3090133e-03   7.8884729e-01   1.3095172e+00  -7.9569766e-01  -1.3150617e+00  -5.9775421e-01   7.8240045e-01   1.5309746e+00  -9.8238447e-01
   1.0000000e+00  -5.3717966e-01   2.5141129e-01   1.1479137e-01  -1.2405279e-01  -3.1323000e-01  -3.2881380e-01   3.1632501e-01   3.0729349e-01   1.6591969e+00   8.7247628e-01
   2.0000000e+00  -3.8841901e-01  -2.8216784e-01   8.8917301e-01  -6.4991468e-01  -1.8054314e+00   2.4384467e-01  -1.1035761e+00  -1.4737966e+00  -1.4929828e+00   4.2014370e-01
   2.0000000e+00   2.0350306e+00   6.6662489e-01  -9.6520655e-01   2.0876948e-01  -1.5996026e-01  -4.1066476e-01   1.3699091e+00  -1.4249943e+00  -1.5678442e+00   1.1629700e+00
   2.0000000e+00  -7.9040872e-01  -3.7051036e-01  -1.5986980e-01  -7.5468306e-01   1.3557601e+00   1.0455231e-01   1.2794626e+00   2.2368973e-01  -8.7313110e-01  -4.1895899e-01
   2.0000000e+00  -1.4285500e+00   8.5340613e-02   2.6031057e-01  -5.6138199e-01  -2.5576034e-01  -1.4063450e+00  -5.1023020e-01  -8.6801484e-01  -1.0988958e+00   3.8540894e-01
   1.0000000e+00  -4.7445010e-01   7.3950204e-01   4.4570721e-01  -4.4269934e-01   1.7978418e+00  -1.4078365e+00  -8.2645949e-01  -2.1243872e-01   4.8971082e-02   1.1106309e+00
   2.0000000e+00   7.8534394e-01  -8.5285788e-01  -9.0000284e-01  -1.4770357e+00  -1.4806967e-01   6.6037349e-01   5.7903364e-01  -1.1444747e-01  -1.3170008e-01  -7.5979701e-01
   2.0000000e+00  -1.5289116e+00   1.1539908e-01   6.8720312e-01  -4.7145941e-01  -1.7969207e+00  -6.8188072e-01   9.6982522e-01   2.1061393e+00  -1.3822328e-02  -2.0975786e-01
   2.0000000e+00   1.0471700e-01  -2.4841724e+00   1.3037395e+00   9.8095581e-01   1.3305098e-01  -1.2321659e+00  -4.7676275e-01   2.6851902e+00   4.3244125e-01  -2.1169140e-01
   1.0000000e+00  -6.0979563e-01  -4.2115289e-01   2.0095944e-01   1.5482674e+00   6.6442214e-01   9.7952985e-01  -1.6417720e+00  -6.9557294e-01  -1.5240531e+00   9.6485463e-01
   2.0000000e+00   1.1691792e+00  -6.1166600e-01   4.1082168e-01  -1.0720243e-03   4.0202199e-02   1.0237807e+00   1.6339036e-01  -2.1750218e+00  -6.3742893e-01  -1.1073341e-01
   2.0000000e+00  -6.9323652e-01  -4.6080093e-02  -1.0074543e-01   6.5095187e-01  -3.9439350e-02  -3.9910876e-01  -4.5463145e-01   1.2862078e+00   5.8871485e-01  -1.3254920e+00
   2.0000000e+00  -1.5626902e+00  -6.4127276e-01  -1.9318191e-01  -2.5452599e-02  -1.4576172e-01   1.0095656e-01  -6.7942939e-01  -2.2667227e+00   9.8423760e-01  -7.8506611e-01
   2.0000000e+00   8.8399430e-01  -3.1548134e-01   3.2295786e-02  -1.6014484e+00   1.5272757e+00   2.4514305e+00  -7.6210007e-01  -9.9453357e-01   9.5523140e-01   6.9044276e-01
   2.0000000e+00   1.9228943e+00  -4.8791897e-01  -7.8137280e-01  -9.6906454e-02   1.0503334e-01  -7.1843777e-01   5.1797914e-01   2.4870817e-01   7.1027664e-01   1.0915874e+00
   2.0000000e+00  -4.9461792e-01  -1.1199722e-01  -6.4123027e-01   1.3760993e+00  -5.2293023e-02  -7.3065862e-02   7.1092743e-01  -1.6780863e+00   1.6127327e+00  -6.7218953e-01
   2.0000000e+00  -8.3955540e-01   1.9731616e+00  -3.9574146e-01   2.7805803e-01   1.8069798e+00   1.0565803e-01  -5.7331673e-01   1.2979461e+00   1.5021678e+00  -2.2626548e-02
   2.0000000e+00   1.3847338e+00  -3.9722253e-01   1.6693159e-01   4.4234843e-01  -9.4969939e-01  -5.3082595e-01  -1.3130366e+00  -1.2571005e+00  -9.4405680e-01  -5.8782933e-01
   2.0000000e+00  -1.4631527e+00   9.5261891e-01  -2.8878694e-01  -8.3179746e-01  -1.5422208e+00   3.4289049e-01  -7.2606409e-01   9.2176938e-02  -1.2591316e-01   4.2355955e-01
   1.0000000e+00   1.1409942e+00  -1.0579637e+00   3.0955380e-01  -1.5614136e+00   7.6251713e-01  -1.0246615e+00   4.8177666e-01   3.6015211e-01  -6.2508342e-01   1.6588915e+00
   2.0000000e+00  -1.1430014e+00   1.1816998e+00   1.9618177e-01  -2.6902205e-02   3.5850309e-02  -5.9108565e-01  -6.2414017e-01  -2.5830846e+00  -1.6939392e+00   1.2943194e+00
   2.0000000e+00   2.4946817e+00  -1.1800021e+00  -1.4835321e-01  -2.2566272e-01   2.9888898e-01   2.8270809e-01   1.1744765e+00  -1.2981084e+00  -9.1263576e-01   4.2976387e-01
   2.0000000e+00  -1.5535752e+00   8.3911942e-01   5.5176166e-01  -1.4894826e+00   1.7020398e-01  -2.2728094e+00  -4.6757436e-02  -1.3989775e+00  -7.6521407e-01  -9.0522951e-01
